

 60.39749  6.67872  11.57518  6.47620  33.67392  95.44012  34.41788  37.91105  73.80411  81.77574  99.50695  50.46432  40.95853  56.27897  40.01400  96.57892 
 65.52441  68.97688  57.84659  0.70465  92.80600  58.23371  37.23903  87.97318  45.87012  41.69591  58.14710  68.88234  19.57204  56.86812  60.30985  11.73235 
 39.96077  21.12080  5.54095  34.11820  78.85235  14.71597  52.70002  77.57346  0.14046  21.65235  57.57289  81.94596  47.67331  95.31380  4.36392  45.44273 
 9.46791  51.16661  96.67936  66.63775  98.73980  62.05028  89.05204  65.41827  90.39085  21.78981  73.24300  82.99156  49.39899  53.21587  39.51690  18.54029 
 22.83824  62.08394  32.24839  42.48508  63.25602  3.86004  71.65837  64.79108  80.65419  1.43453  88.86572  25.20283  35.62596  26.66258  42.32827  14.11249 
 31.38889  23.04138  13.73575  89.38041  92.72342  13.31825  24.10732  1.03150  17.03235  70.50525  88.00576  26.33422  44.65153  10.83166  93.64264  69.10298 
 59.58947  13.12543  20.49576  51.86074  89.76411  94.86089  97.90574  98.23431  15.20226  6.03300  59.85156  23.35087  92.51184  36.03726  76.70323  16.09348 
 25.63303  98.39578  24.04671  43.25934  79.24842  83.01079  86.47119  28.05245  20.22549  73.60914  80.34808  51.06744  66.42494  49.63686  24.23146  56.87583 
 87.01797  85.96995  69.39992  78.87507  84.75258  30.54562  98.67466  69.02216  37.07762  54.57598  67.78254  11.75064  91.18256  48.95782  90.25660  68.89083 
 3.69267  90.65305  55.60762  43.00635  57.93253  34.45487  33.59407  57.41174  81.11674  38.16293  76.54213  88.53247  52.44367  50.60309  81.96933  68.41369 
 23.78576  46.84227  77.64248  96.79644  24.41993  20.63246  23.76838  47.42471  42.52012  7.80896  12.53092  15.56686  44.23452  7.02634  90.41232  21.51128 
 86.23252  51.57474  94.06126  56.88384  67.79495  66.71801  83.24677  7.71440  24.77312  19.24441  11.37699  11.31423  6.56481  98.32383  13.54880  2.36548 
 10.72796  93.96970  49.43791  79.92326  7.86440  45.50001  49.92291  30.61380  13.43085  8.05126  66.65667  64.26041  10.29405  99.73143  26.00171  32.73430 
 19.11294  87.98428  26.73127  91.31332  6.36960  68.21214  53.01091  9.80079  73.18775  89.02950  39.05930  88.75916  86.59273  97.98441  27.39130  60.58920 
 40.30935  5.95520  50.99521  2.11637  81.92824  5.66922  59.94199  95.41856  85.10215  77.31912  77.09688  96.62095  39.52584  59.26423  89.03108  39.32197 
 69.51748  52.59043  38.74121  80.47977  56.66517  98.09443  50.99668  78.85661  55.12308  60.96992  16.00879  86.84302  63.88696  44.49974  20.01114  7.57193 


 12.97192  37.69006  52.64100  6.36274  90.60004  88.26463  80.53421  96.00009  57.49195  48.44630  41.49512  9.44835  65.08800  93.54308  56.13208  47.32461 
 22.67420  68.28938  99.84966  27.14829  55.07499  71.49953  17.72144  56.62106  25.52453  13.33666  19.76594  38.60450  22.64688  97.98648  30.67786  49.75248 
 41.89886  92.14311  95.79733  25.12756  57.95082  43.76879  77.94830  94.50157  82.02838  24.12574  96.39669  84.74388  9.15140  62.71308  32.43464  39.48489 
 8.13730  37.52258  18.47241  79.10516  14.89655  60.50661  57.18293  42.87867  45.83493  88.98899  71.17106  95.52256  37.52593  51.80801  27.69329  21.91225 
 25.26399  83.90703  33.50041  41.31992  71.25154  42.35548  69.20079  63.97899  17.06188  81.69807  72.91036  39.13097  27.61916  57.42929  20.52492  10.95990 
 7.82841  22.17562  81.09875  35.75152  71.82900  77.19028  72.02487  74.49993  52.82075  89.69911  73.10321  24.55696  85.21904  53.33650  34.60261  67.06163 
 14.10922  11.85910  65.84810  46.98540  10.86667  29.12133  1.34311  42.73861  57.94882  51.41840  33.09055  88.62250  30.82498  88.00342  87.07458  23.91982 
 86.22177  19.24795  83.07865  21.69324  17.71065  9.33181  15.28542  33.50563  95.39432  64.28710  4.22013  11.27769  46.31202  71.58070  27.58603  36.66791 
 7.65166  94.31390  28.07929  36.15933  39.91824  69.98243  83.48622  61.17993  77.21351  67.86036  72.14315  53.47250  50.82366  23.22940  81.84149  64.57491 
 63.34652  13.35042  83.66043  97.28734  63.14080  74.45176  97.44438  83.29073  99.58749  2.49958  1.38413  59.71915  93.20426  19.40670  42.35504  67.43875 
 13.43906  55.61620  48.80967  27.23904  22.40318  89.34332  18.68714  96.31818  88.48485  90.45300  60.73625  76.79350  3.18091  17.92639  91.68261  46.33072 
 97.22255  69.49986  6.80938  69.70866  33.13852  60.87719  14.21308  33.41515  97.58815  66.58140  87.16036  71.96360  77.20997  23.80992  77.79292  36.38593 
 45.57012  8.19539  81.83983  77.89275  49.46060  49.47705  98.14504  47.73787  25.83582  22.77642  90.19913  8.05107  16.71695  1.31970  19.68602  59.70946 
 30.09016  97.23756  67.18536  36.70283  82.41554  66.88367  30.58049  35.54438  76.02603  49.39269  55.82781  65.97646  43.88520  24.00457  92.66294  84.34912 
 10.68194  51.52997  69.27457  97.26762  77.53497  26.44796  94.55619  50.20593  72.41667  71.68490  86.37750  37.71361  90.23480  93.11809  95.49872  10.40850 
 21.74124  62.93036  66.98310  86.17838  60.54754  5.16616  58.31890  99.28684  23.62371  12.14359  19.51487  44.38981  37.21614  20.65156  51.79621  50.09032 

StopTime,MM,SA
64,0,0
16,0,0
4,0,2


 24900.42503  41163.56662  49847.43214  42935.62720  44532.52922  47419.99714  47948.88072  57704.51834  54204.09095  44716.90675  43003.19818  39509.38157  42256.56676  33544.83938  49583.94783  41946.36066 
 29727.56427  46190.26641  51953.45759  35963.29443  44946.79116  45751.58583  43064.94148  51837.88572  54549.71938  46711.80669  45616.76288  38675.35838  39553.15957  46368.82940  45510.92426  36026.27975 
 27234.93913  35742.83715  37958.43644  32553.54502  32916.18459  34916.63245  28767.12455  38501.63596  42557.47738  38231.94306  35498.49848  34386.72872  28659.49651  30528.93915  37994.90434  30190.65000 
 31555.75237  54675.84410  55837.42489  45462.75583  44280.57869  51621.70773  48948.76411  57984.89469  61549.34485  56971.41726  59859.73683  54594.12730  39632.70280  48131.23242  52944.47522  40541.40527 
 19163.90564  37429.96854  39287.24551  29846.45479  28932.75119  36068.86127  31654.04212  40775.20186  42145.99630  40384.12766  37894.25976  36360.11600  24639.18859  36240.32876  39582.81579  27278.72448 
 18311.29924  35622.89329  39128.81558  44350.61741  36605.58246  37768.75342  44451.08274  47787.95639  40481.60794  40338.79802  41015.66912  38439.28699  32525.02737  33351.15280  38783.26022  26562.60606 
 25255.52056  35357.62780  53073.00241  40955.59056  41665.05927  42506.52012  45952.23256  50033.97722  49819.91262  52959.45589  49603.88569  37566.42720  38416.52693  47255.89389  44331.07159  33887.18466 
 27092.16174  42687.07645  56943.30788  45669.64148  44471.27762  50236.15430  44897.99327  56662.14762  50937.87796  45770.59808  46089.19746  45900.79242  38646.76252  43649.66585  46516.97655  40643.34584 
 30235.94765  52098.38256  69432.43092  54529.49310  54890.90859  55060.88247  60549.39730  68589.60800  61550.86729  54598.16662  57572.26286  52865.20837  44862.77389  59661.38317  56243.66714  44339.38787 
 30890.38292  52645.24076  54846.35340  48446.65009  44733.36482  47717.84560  47725.54352  55901.35185  57521.23658  48617.04285  52703.91057  47847.40803  40445.41210  43608.86371  52126.02191  39936.36817 
 16776.84246  31534.53805  37512.97125  32998.44921  29062.88304  29250.61739  37391.67286  36143.18220  36197.82725  33552.60331  38369.66851  31969.43478  26450.99952  35513.05527  30004.98284  22273.48007 
 16882.13312  40351.39908  44733.31195  27585.90318  40071.13680  41518.68716  37556.95226  44966.57108  41459.78964  38014.01652  41109.63550  39284.11128  29955.34932  42397.76498  37632.77867  31880.05097 
 21106.05062  39955.25960  42222.72701  32521.86070  32510.04619  39693.37584  27802.04446  40153.43430  43597.18513  37998.13143  38447.79023  41786.37558  28049.25021  35613.58401  40402.34817  32114.37032 
 30252.17068  47376.66301  55729.09174  52596.60748  46099.79999  54361.91733  50374.04630  54969.90023  57178.00661  45008.03477  51195.36042  50799.41184  44453.79998  38696.65560  51329.97400  47134.62367 
 35368.20560  49462.24025  52016.69106  47078.49771  44884.12047  45847.04082  48921.09288  55208.08221  64447.87220  49931.40012  50312.87573  46241.14160  44312.97133  42511.81174  55520.74109  38527.18685 
 31661.49457  41150.61866  52004.54492  42788.23972  43796.91645  50473.94057  48454.19485  51800.93746  55712.81048  49588.53698  49435.15413  42301.45458  44587.57342  44864.54000  43175.68581  40238.93627 


 24900.42503  41163.56662  49847.43214  42935.62720  44532.52922  47419.99714  47948.88072  57704.51834  54204.09095  44716.90675  43003.19818  39509.38157  42256.56676  33544.83938  49583.94783  41946.36066 
 29727.56427  46190.26641  51953.45759  35963.29443  44946.79116  45751.58583  43064.94148  51837.88572  54549.71938  46711.80669  45616.76288  38675.35838  39553.15957  46368.82940  45510.92426  36026.27975 
 27234.93913  35742.83715  37958.43644  32553.54502  32916.18459  34916.63245  28767.12455  38501.63596  42557.47738  38231.94306  35498.49848  34386.72872  28659.49651  30528.93915  37994.90434  30190.65000 
 31555.75237  54675.84410  55837.42489  45462.75583  44280.57869  51621.70773  48948.76411  57984.89469  61549.34485  56971.41726  59859.73683  54594.12730  39632.70280  48131.23242  52944.47522  40541.40527 
 19163.90564  37429.96854  39287.24551  29846.45479  28932.75119  36068.86127  31654.04212  40775.20186  42145.99630  40384.12766  37894.25976  36360.11600  24639.18859  36240.32876  39582.81579  27278.72448 
 18311.29924  35622.89329  39128.81558  44350.61741  36605.58246  37768.75342  44451.08274  47787.95639  40481.60794  40338.79802  41015.66912  38439.28699  32525.02737  33351.15280  38783.26022  26562.60606 
 25255.52056  35357.62780  53073.00241  40955.59056  41665.05927  42506.52012  45952.23256  50033.97722  49819.91262  52959.45589  49603.88569  37566.42720  38416.52693  47255.89389  44331.07159  33887.18466 
 27092.16174  42687.07645  56943.30788  45669.64148  44471.27762  50236.15430  44897.99327  56662.14762  50937.87796  45770.59808  46089.19746  45900.79242  38646.76252  43649.66585  46516.97655  40643.34584 
 30235.94765  52098.38256  69432.43092  54529.49310  54890.90859  55060.88247  60549.39730  68589.60800  61550.86729  54598.16662  57572.26286  52865.20837  44862.77389  59661.38317  56243.66714  44339.38787 
 30890.38292  52645.24076  54846.35340  48446.65009  44733.36482  47717.84560  47725.54352  55901.35185  57521.23658  48617.04285  52703.91057  47847.40803  40445.41210  43608.86371  52126.02191  39936.36817 
 16776.84246  31534.53805  37512.97125  32998.44921  29062.88304  29250.61739  37391.67286  36143.18220  36197.82725  33552.60331  38369.66851  31969.43478  26450.99952  35513.05527  30004.98284  22273.48007 
 16882.13312  40351.39908  44733.31195  27585.90318  40071.13680  41518.68716  37556.95226  44966.57108  41459.78964  38014.01652  41109.63550  39284.11128  29955.34932  42397.76498  37632.77867  31880.05097 
 21106.05062  39955.25960  42222.72701  32521.86070  32510.04619  39693.37584  27802.04446  40153.43430  43597.18513  37998.13143  38447.79023  41786.37558  28049.25021  35613.58401  40402.34817  32114.37032 
 30252.17068  47376.66301  55729.09174  52596.60748  46099.79999  54361.91733  50374.04630  54969.90023  57178.00661  45008.03477  51195.36042  50799.41184  44453.79998  38696.65560  51329.97400  47134.62367 
 35368.20560  49462.24025  52016.69106  47078.49771  44884.12047  45847.04082  48921.09288  55208.08221  64447.87220  49931.40012  50312.87573  46241.14160  44312.97133  42511.81174  55520.74109  38527.18685 
 31661.49457  41150.61866  52004.54492  42788.23972  43796.91645  50473.94057  48454.19485  51800.93746  55712.81048  49588.53698  49435.15413  42301.45458  44587.57342  44864.54000  43175.68581  40238.93627 

