
Dim,StopTime,MM,SA
1024,256,6,7
1024,64,3,3
1024,16,2,4
1024,4,1,12
New run
4096,1024,12,10
4096,256,10,10
4096,64,10,12
4096,16,10,21
4096,4,10,63
New run
16384,4096,82,75
16384,1024,84,71
16384,256,83,75
16384,64,82,90
16384,16,82,152
16384,4,82,444
New run
65536,16384,705,594
65536,4096,709,538
65536,1024,708,511
65536,256,707,531
65536,64,705,644
65536,16,708,1061
65536,4,706,3093
New run
262144,65536,5849,4975
262144,16384,5853,4197
262144,4096,5848,3880
262144,1024,5904,3702
262144,256,5943,3838
262144,64,6152,4593
262144,16,6198,7671
262144,4,6240,22187
New run
1048576,262144,54995,41095
1048576,65536,55355,35461
1048576,16384,59240,29475
1048576,4096,58184,26877
1048576,1024,60395,25567
1048576,256,59714,26799
1048576,64,55515,32286
1048576,16,55574,53696
1048576,4,54323,154306
New run
